Round,Team,MatchPoints,TotalPoints,GF,GA,GoalsForCumulative,GoalsAgainstCumulative,Position,xg,xga,npxg,npxga,xpts,result,pts,xgd,cum_xg,cum_xga,cum_pts
1,Brentford,3,3,2,1,2,1,6,1.38064,1.14757,0.0,0.0,1.532,w,3,0.233,1.38064,1.14757,3
2,Brentford,0,3,0,2,2,3,13,0.457239,2.71877,0.0,0.0,2.652,l,0,-2.262,1.837879,3.86634,3
3,Brentford,3,6,3,1,5,4,6,3.86281,1.64713,0.0,0.0,2.422,w,3,2.216,5.700689000000001,5.51347,6
4,Brentford,0,6,1,2,6,6,9,1.05094,1.55279,0.0,0.0,1.722,l,0,-0.502,6.751629,7.06626,6
5,Brentford,0,6,1,3,7,9,12,0.893565,3.89481,0.0,0.0,2.723,l,0,-3.001,7.645194,10.96107,6
6,Brentford,1,7,1,1,8,10,12,0.370222,0.878617,0.0,0.0,0.836,d,1,-0.508,8.015416,11.839687,7
7,Brentford,3,10,5,3,13,13,11,4.13513,0.696254,0.0,0.0,2.82,w,3,3.439,12.150546,12.535941,10
8,Brentford,0,10,1,2,14,15,13,0.892843,1.76555,0.0,0.0,1.972,l,0,-0.873,13.043389,14.301491,10
9,Brentford,3,13,4,3,18,18,9,4.09663,1.65698,0.0,0.0,2.484,w,3,2.44,17.140019000000002,15.958471,13
10,Brentford,0,13,1,2,19,20,12,0.739231,1.43017,0.0,0.0,1.878,l,0,-0.691,17.879250000000003,17.388641,13
11,Brentford,3,16,3,2,22,22,11,1.56474,2.49234,0.0,0.0,0.887,w,3,-0.928,19.443990000000003,19.880981,16
12,Brentford,1,17,0,0,22,22,11,1.34314,1.5951,0.0,0.0,1.545,d,1,-0.252,20.787130000000005,21.476081,17
13,Brentford,3,20,4,1,26,23,8,2.21885,0.907555,0.0,0.0,2.202,w,3,1.311,23.005980000000005,22.383636,20
14,Brentford,0,20,1,3,27,26,11,1.13266,3.21673,0.0,0.0,2.459,l,0,-2.084,24.13864000000001,25.600365999999998,20
15,Brentford,3,23,4,2,31,28,9,1.746,1.95645,0.0,0.0,1.267,w,3,-0.21,25.884640000000005,27.556815999999998,23
16,Brentford,0,23,1,2,32,30,11,1.65861,2.59146,0.0,0.0,1.92,l,0,-0.933,27.543250000000004,30.148276,23
17,Brentford,0,23,0,2,32,32,12,0.769004,0.964897,0.0,0.0,1.17,l,0,-0.196,28.312254000000003,31.113173,23
18,Brentford,1,24,0,0,32,32,11,0.961233,1.33538,0.0,0.0,1.637,d,1,-0.374,29.273487000000003,32.448553,24
19,Brentford,0,24,1,3,33,35,12,0.272604,1.99848,0.0,0.0,0.292,l,0,-1.726,29.546091000000004,34.447033,24
20,Brentford,3,27,5,0,38,35,11,5.54874,0.249614,0.0,0.0,0.014,w,3,5.299,35.094831000000006,34.696647,27
21,Brentford,1,28,2,2,40,37,11,2.39088,2.65315,0.0,0.0,1.273,d,1,-0.262,37.48571100000001,37.349797,28
22,Brentford,0,28,0,2,40,39,11,1.20021,4.16249,0.0,0.0,0.251,l,0,-2.962,38.68592100000001,41.51228699999999,28
23,Brentford,3,31,2,1,42,40,11,1.92037,1.23177,0.0,0.0,0.953,w,3,0.689,40.606291000000006,42.74405699999999,31
24,Brentford,0,31,0,2,42,42,11,1.66475,0.945355,0.0,0.0,1.872,l,0,0.719,42.271041,43.68941199999999,31
25,Brentford,3,34,1,0,43,42,11,1.96499,0.673466,0.0,0.0,0.558,w,3,1.292,44.236031,44.36287799999999,34
26,Brentford,3,37,4,0,47,42,11,2.03465,0.727901,0.0,0.0,0.567,w,3,1.307,46.270681,45.09077899999999,37
27,Brentford,1,38,1,1,48,43,11,1.34009,1.44955,0.0,0.0,1.299,d,1,-0.109,47.610771,46.54032899999999,38
28,Brentford,0,38,0,1,48,44,12,0.637743,1.29638,0.0,0.0,0.841,l,0,-0.659,48.248514,47.83670899999999,38
29,Brentford,3,41,2,1,50,45,11,1.60321,2.02714,0.0,0.0,1.648,w,3,-0.424,49.851724,49.863849,41
30,Brentford,0,41,1,2,51,47,12,1.53201,2.26584,0.0,0.0,1.827,l,0,-0.734,51.383734,52.12968899999999,41
31,Brentford,1,42,0,0,51,47,12,1.36123,1.47829,0.0,0.0,1.296,d,1,-0.117,52.744964,53.60797899999999,42
32,Brentford,1,43,1,1,52,48,11,0.588583,0.767369,0.0,0.0,1.469,d,1,-0.179,53.333547,54.375348,43
33,Brentford,3,46,4,2,56,50,11,2.95516,1.24107,0.0,0.0,2.314,w,3,1.714,56.288707,55.616418,46
34,Brentford,3,49,2,0,58,50,11,1.52054,0.670607,0.0,0.0,0.749,w,3,0.85,57.80924699999999,56.28702499999999,49
35,Brentford,3,52,4,3,62,53,9,3.58737,1.13404,0.0,0.0,2.564,w,3,2.453,61.39661699999999,57.42106499999999,52
36,Brentford,3,55,1,0,63,53,8,1.32077,0.717433,0.0,0.0,0.895,w,3,0.603,62.717387,58.13849799999999,55
37,Brentford,0,55,2,3,65,56,9,2.43045,1.61741,0.0,0.0,1.862,l,0,0.813,65.147837,59.75590799999999,55
38,Brentford,1,56,1,1,66,57,10,1.97196,1.10889,0.0,0.0,0.845,d,1,0.863,67.11979699999999,60.86479799999999,56
